# Ca2UO2(CO3)3(aq) di-Ca complex - U L3-edge XANES               Feff 8.40   
# Based on liebigite geometry (Mereiter 1982, COD 9009613)
# Two Ca (Ca3 + Ca1), no lattice waters - solution-phase model
# 16 atoms: 2 Oax + 6 Oeq + 3 C + 3 Odis + 2 Ca
# ** Replace distances with your EXAFS-fit values **
# POT  SCF  30  6.0000   1, core-hole, AFOLP (folp(0)= 1.150)
# Abs   Z=92 Rmt= 1.257 Rnm= 1.524 L3 shell
# Pot 1 Z= 8 Rmt= 0.834 Rnm= 1.053
# Pot 2 Z= 6 Rmt= 0.687 Rnm= 0.918
# Pot 3 Z=20 Rmt= 1.849 Rnm= 2.023
# Gam_ch=8.104E+00 H-L exch Vi=-6.000E+00 Vr= 0.000E+00
# Mu=-3.416E+00 kf=2.393E+00 Vint=-2.085E+01 Rs_int= 1.516
# FMS rfms= 6.0000
# PATH  Rmax=-1.000,  Keep_limit= 0.00, Heap_limit 0.00  Pwcrit= 2.50%
#  S02=1.000                                        Global_sig2= 0.00000
#  Curved wave amplitude ratio filter   4.000%
#     file         sig2 tot  cw amp ratio   deg  nlegs   reff  inp sig2
#     0/   0 paths used
#  xsedge+ 50, used to normalize mu           2.1766E-04
#  -----------------------------------------------------------------------
#  omega    e    k    mu    mu0     chi     @#
   17158.319     -9.855  -1.300  1.90672E-03  1.48100E-03  4.25719E-04
   17159.272     -8.903  -1.200  2.31059E-03  1.75554E-03  5.55054E-04
   17160.148     -8.026  -1.100  2.84579E-03  2.11206E-03  7.33728E-04
   17160.948     -7.226  -1.000  3.57000E-03  2.58557E-03  9.84434E-04
   17161.672     -6.502  -0.900  4.57369E-03  3.23162E-03  1.34207E-03
   17162.320     -5.855  -0.800  6.00380E-03  4.14260E-03  1.86120E-03
   17162.891     -5.283  -0.700  8.10996E-03  5.48124E-03  2.62871E-03
   17163.258     -4.916  -0.627  1.03035E-02  6.88562E-03  3.41788E-03
   17163.758     -4.416  -0.512  1.57743E-02  1.04749E-02  5.29940E-03
   17164.258     -3.916  -0.362  3.10721E-02  2.12791E-02  9.79305E-03
   17164.758     -3.416   0.000  8.86180E-01  8.48958E-01  3.72222E-02
   17165.258     -2.916   0.362  2.67470E+00  1.68615E+00  9.88553E-01
   17165.758     -2.416   0.512  3.63710E+00  1.70076E+00  1.93634E+00
   17166.258     -1.916   0.627  3.89228E+00  1.70234E+00  2.18994E+00
   17166.758     -1.416   0.725  3.42405E+00  1.69716E+00  1.72689E+00
   17167.258     -0.916   0.810  2.79989E+00  1.68717E+00  1.11273E+00
   17167.758     -0.416   0.887  2.33489E+00  1.67361E+00  6.61281E-01
   17168.258      0.084   0.958  2.03744E+00  1.65728E+00  3.80162E-01
   17168.758      0.584   1.025  1.84749E+00  1.63891E+00  2.08582E-01
   17169.258      1.084   1.087  1.71247E+00  1.61903E+00  9.34403E-02
   17169.758      1.584   1.146  1.60392E+00  1.59818E+00  5.74302E-03
   17170.258      2.084   1.201  1.51455E+00  1.57665E+00 -6.20970E-02
   17170.758      2.584   1.255  1.44263E+00  1.55481E+00 -1.12187E-01
   17171.258      3.084   1.306  1.38526E+00  1.53291E+00 -1.47649E-01
   17171.702      3.527   1.350  1.34506E+00  1.51355E+00 -1.68490E-01
   17172.226      4.051   1.400  1.31039E+00  1.49093E+00 -1.80545E-01
   17172.769      4.594   1.450  1.28932E+00  1.46798E+00 -1.78659E-01
   17173.331      5.156   1.500  1.28115E+00  1.44479E+00 -1.63643E-01
   17173.912      5.737   1.550  1.27898E+00  1.42155E+00 -1.42568E-01
   17174.512      6.337   1.600  1.26476E+00  1.39844E+00 -1.33682E-01
   17175.131      6.956   1.650  1.21657E+00  1.37551E+00 -1.58936E-01
   17175.769      7.595   1.700  1.14935E+00  1.35289E+00 -2.03540E-01
   17176.426      8.252   1.750  1.09710E+00  1.33073E+00 -2.33635E-01
   17177.102      8.928   1.800  1.06841E+00  1.30912E+00 -2.40705E-01
   17177.798      9.623   1.850  1.05781E+00  1.28806E+00 -2.30251E-01
   17178.512     10.338   1.900  1.05710E+00  1.26763E+00 -2.10536E-01
   17179.246     11.071   1.950  1.06653E+00  1.24794E+00 -1.81410E-01
   17179.998     11.824   2.000  1.09370E+00  1.22894E+00 -1.35238E-01
   17180.770     12.595   2.050  1.14104E+00  1.21072E+00 -6.96779E-02
   17181.560     13.386   2.100  1.20474E+00  1.19327E+00  1.14717E-02
   17182.370     14.195   2.150  1.27460E+00  1.17665E+00  9.79467E-02
   17183.198     15.024   2.200  1.33201E+00  1.16077E+00  1.71244E-01
   17184.046     15.872   2.250  1.35629E+00  1.14571E+00  2.10577E-01
   17184.913     16.738   2.300  1.33865E+00  1.13147E+00  2.07179E-01
   17185.799     17.624   2.350  1.29000E+00  1.11798E+00  1.72025E-01
   17186.704     18.529   2.400  1.23141E+00  1.10526E+00  1.26156E-01
   17187.628     19.453   2.450  1.17960E+00  1.09336E+00  8.62416E-02
   17188.571     20.396   2.500  1.14096E+00  1.08216E+00  5.87954E-02
   17189.533     21.358   2.550  1.11385E+00  1.07169E+00  4.21543E-02
   17190.514     22.339   2.600  1.09406E+00  1.06200E+00  3.20537E-02
   17191.514     23.339   2.650  1.07950E+00  1.05296E+00  2.65474E-02
   17192.533     24.358   2.700  1.07152E+00  1.04460E+00  2.69209E-02
   17193.571     25.397   2.750  1.07270E+00  1.03693E+00  3.57685E-02
   17194.628     26.454   2.800  1.08462E+00  1.02991E+00  5.47140E-02
   17195.705     27.530   2.850  1.09983E+00  1.02352E+00  7.63107E-02
   17196.800     28.626   2.900  1.11382E+00  1.01774E+00  9.60862E-02
   17197.915     29.740   2.950  1.12431E+00  1.01255E+00  1.11756E-01
   17199.048     30.874   3.000  1.12987E+00  1.00791E+00  1.21956E-01
   17200.200     32.026   3.050  1.12921E+00  1.00387E+00  1.25340E-01
   17201.372     33.198   3.100  1.12151E+00  1.00034E+00  1.21171E-01
   17202.563     34.388   3.150  1.10692E+00  9.97309E-01  1.09609E-01
   17203.772     35.598   3.200  1.08620E+00  9.94829E-01  9.13710E-02
   17205.001     36.827   3.250  1.06136E+00  9.92810E-01  6.85489E-02
   17206.249     38.074   3.300  1.03473E+00  9.91250E-01  4.34784E-02
   17207.516     39.341   3.350  1.00918E+00  9.90149E-01  1.90295E-02
   17208.802     40.627   3.400  9.87146E-01  9.89461E-01 -2.31560E-03
   17210.106     41.932   3.450  9.70126E-01  9.89187E-01 -1.90610E-02
   17211.430     43.256   3.500  9.58554E-01  9.89325E-01 -3.07712E-02
   17212.773     44.599   3.550  9.51860E-01  9.89787E-01 -3.79274E-02
   17214.136     45.961   3.600  9.49066E-01  9.90616E-01 -4.15500E-02
   17215.517     47.342   3.650  9.48554E-01  9.91809E-01 -4.32551E-02
   17216.917     48.742   3.700  9.48553E-01  9.93280E-01 -4.47277E-02
   17218.336     50.162   3.750  9.47570E-01  9.95027E-01 -4.74573E-02
   17219.774     51.600   3.800  9.44595E-01  9.97092E-01 -5.24969E-02
   17221.232     53.057   3.850  9.39281E-01  9.99343E-01 -6.00625E-02
   17222.708     54.534   3.900  9.32328E-01  1.00182E+00 -6.94938E-02
   17224.203     56.029   3.950  9.24966E-01  1.00453E+00 -7.95591E-02
   17225.718     57.543   4.000  9.18717E-01  1.00735E+00 -8.86298E-02
